/*--------------------------------*- C++ -*----------------------------------*\
| =========                 |                                                 |
| \\      /  F ield         | OpenFOAM: The Open Source CFD Toolbox           |
|  \\    /   O peration     | Version:  3.0.1                                 |
|   \\  /    A nd           | Web:      www.OpenFOAM.org                      |
|    \\/     M anipulation  |                                                 |
\*---------------------------------------------------------------------------*/
FoamFile
{
    version     2.0;
    format      ascii;
    class       faceList;
    location    "constant/polyMesh";
    object      faces;
}
// * * * * * * * * * * * * * * * * * * * * * * * * * * * * * * * * * * * * * //


89
(
4(1 7 37 31)
4(6 36 37 7)
4(2 8 38 32)
4(7 37 38 8)
4(3 9 39 33)
4(8 38 39 9)
4(4 10 40 34)
4(9 39 40 10)
4(10 40 41 11)
4(7 13 43 37)
4(12 42 43 13)
4(8 14 44 38)
4(13 43 44 14)
4(9 15 45 39)
4(14 44 45 15)
4(10 16 46 40)
4(15 45 46 16)
4(16 46 47 17)
4(13 19 49 43)
4(18 48 49 19)
4(14 20 50 44)
4(19 49 50 20)
4(15 21 51 45)
4(20 50 51 21)
4(16 22 52 46)
4(21 51 52 22)
4(22 52 53 23)
4(19 25 55 49)
4(20 26 56 50)
4(21 27 57 51)
4(22 28 58 52)
4(24 54 55 25)
4(25 55 56 26)
4(26 56 57 27)
4(27 57 58 28)
4(28 58 59 29)
4(0 30 36 6)
4(6 36 42 12)
4(12 42 48 18)
4(18 48 54 24)
4(5 11 41 35)
4(11 17 47 41)
4(17 23 53 47)
4(23 29 59 53)
4(0 1 31 30)
4(1 2 32 31)
4(2 3 33 32)
4(3 4 34 33)
4(4 5 35 34)
4(0 6 7 1)
4(6 12 13 7)
4(12 18 19 13)
4(18 24 25 19)
4(1 7 8 2)
4(7 13 14 8)
4(13 19 20 14)
4(19 25 26 20)
4(2 8 9 3)
4(8 14 15 9)
4(14 20 21 15)
4(20 26 27 21)
4(3 9 10 4)
4(9 15 16 10)
4(15 21 22 16)
4(21 27 28 22)
4(4 10 11 5)
4(10 16 17 11)
4(16 22 23 17)
4(22 28 29 23)
4(30 31 37 36)
4(36 37 43 42)
4(42 43 49 48)
4(48 49 55 54)
4(31 32 38 37)
4(37 38 44 43)
4(43 44 50 49)
4(49 50 56 55)
4(32 33 39 38)
4(38 39 45 44)
4(44 45 51 50)
4(50 51 57 56)
4(33 34 40 39)
4(39 40 46 45)
4(45 46 52 51)
4(51 52 58 57)
4(34 35 41 40)
4(40 41 47 46)
4(46 47 53 52)
4(52 53 59 58)
)


// ************************************************************************* //
